CODIGO	X	Y	BIO6	BIO19	disthi	SWIslope	perc_a	SWIsoils	ppovfor	pagric	acadea
29TNF2493	524500.00309799900	4593500.00000999000	61	492	8944.27	0.134742	47.6332	1.01757	26.0172	60.1456	1
29TNF2589	525500.00309599900	4589500.00002000000	57	504	10630.1	0.0560015	0	0.647447	57.5961	31.5343	1
29TNF4294	542500.00306899900	4594500.00000999000	50	490	7615.77	0.580411	0	0.526908	22.8529	49.4719	1
29TNF4299	542500.00306999900	4599500.00000000000	50	493	3605.55	0.614536	0	0.592953	24.2974	44.0631	1
29TNF4999	549500.00305800000	4599500.00000000000	47	490	7211.1	0.412534	5.49714	0.830756	0	7.83924	0
29TNG1336	513500.00312100000	4636499.99993999000	69.4444	511.333	1414.21	0.0560015	0	0.636095	0	1.2092	0
29TNG1513	515500.00311500000	4613499.99997999000	65	510	2000	0	13.606	0.404963	92.3544	3.00827	1
29TNG1519	515500.00311500000	4619499.99997000000	56	563	2828.43	1.26873	0	0.692947	99.7282	0	1
29TNG1828	518500.00311200000	4628499.99995000000	64	524	9219.54	1.00927	0	1.06709	43.6406	2.81418	1
29TNG1911	519500.00310799900	4611499.99997999000	63	510	4472.14	0	8.6469	0.615543	40.1095	29.3506	0
29TNG1939	519500.00311100000	4639499.99992999000	64	543	4000	1.23117	0	0	16.8284	0	1
29TNG2308	523500.00310099900	4608499.99997999000	61	514	8544	0	0	0.727549	58.7863	10.0564	0
29TNG2309	523500.00310099900	4609499.99997999000	60	512	7615.77	0	0.17163	0.510014	57.5646	12.6005	0
29TNG2314	523500.00310199900	4614499.99997000000	59	528	3000	1.32101	0	0.683315	59.5745	22.4648	1
29TNG2334	523500.00310400000	4634499.99993999000	57	566	9433.98	1.45134	0	0	45.9883	27.2812	0
29TNG2342	523500.00310500000	4642499.99992999000	49	614	8544	1.21111	0	0.0560015	3.52525	0.912123	1
29TNG2401	524500.00309899900	4601500.00000000000	54	535	8944.27	0.643566	0	0.325083	92.3468	2.95033	0
29TNG2437	524500.00310300000	4637499.99993999000	60	548	9219.54	1.24485	0	1.01446	19.6831	28.6564	1
29TNG2527	525500.00309999900	4627499.99995000000	29	645	7071.07	1.63578	0	0	0	16.2273	1
29TNG2628	526500.00309899900	4628499.99995000000	45	601	7211.1	1.53956	0	0	0.329911	2.17266	0
29TNG2639	526500.00309999900	4639499.99992999000	56	568	11000	1.35118	0	0.892637	52.4996	5.19893	0
29TNG2640	526500.00309999900	4640499.99992999000	56	574	11045.4	0.845113	0	0.566741	9.22728	61.9105	1
29TNG3003	530500.00308900000	4603499.99999000000	56	507	6324.56	0.0560015	5.64451	0.226968	6.23493	72.069	0
29TNG3022	530500.00309100000	4622499.99995999000	63	491	0	0	74.5874	0.746289	2.80886	60.7141	1
29TNG3038	530500.00309300000	4638499.99993999000	57	550	13928.4	1.285	0	1.07832	19.1319	14.0695	1
29TNG3049	530500.00309400000	4649499.99992000000	66	508	18027.8	0.302538	5.42861	0.558872	17.5501	10.3552	1
29TNG3126	531500.00309000000	4626499.99995999000	61	510	3605.55	0.66604	3.78125	0.134742	19.5802	68.2887	1
29TNG3136	531500.00309100000	4636499.99993999000	52	571	11704.7	0.96336	0	0	33.6034	45.6835	1
29TNG3152	531500.00309300000	4652499.99990999000	63	532	19313.2	0.869528	0	0.772962	14.7529	43.9528	1
29TNG3212	532500.00308699900	4612499.99997999000	55	520	9219.54	0.738121	0	0.562335	65.7097	27.8539	1
29TNG3329	533500.00308699900	4629499.99995000000	60	508	4472.14	0.672253	0	0.72569	11.4124	14.5619	1
29TNG3402	534500.00308299900	4602500.00000000000	57	490	5099.02	0.167944	14.8844	0.43967	59.6584	26.8442	1
29TNG3412	534500.00308399900	4612499.99997999000	51	530	10630.1	0.198515	0	0	30.0888	42.3273	0
29TNG3442	534500.00308699900	4642499.99992999000	51	581	15297.1	1.09174	0	0.693147	33.5815	41.0575	1
29TNG3541	535500.00308499900	4641499.99992999000	48	584	14560.2	0.945754	0	0.641035	3.27679	59.8228	0
29TNG3551	535500.00308599900	4651499.99990999000	55	577	15231.5	0.948781	0	0.680292	11.1825	24.4918	1
29TNG3618	536500.00308099900	4618499.99997000000	57	501	6324.56	1.36202	0	0.647447	16.0453	48.3974	0
29TNG3638	536500.00308299900	4638499.99993999000	38	610	13038.4	0.709627	0	0.134742	15.5938	8.54926	0
29TNG3737	537500.00308199900	4637499.99993999000	38	606	12165.5	0.903918	0	0.253639	5.52982	41.0738	0
29TNG3738	537500.00308199900	4638499.99993999000	40	603	13038.4	0.668748	0	0.486223	5.66745	58.2854	1
29TNG3741	537500.00308199900	4641499.99992999000	45	587	12649.1	0.715254	0	0.664064	0.425178	68.5686	1
29TNG3824	538500.00307900000	4624499.99995999000	58	494	3162.28	1.11766	0	0.302538	23.45	19.924	1
29TNG3915	539500.00307600000	4615499.99997000000	50	523	10295.6	0.486223	0	0.226968	28.8371	55.0202	1
29TNG3920	539500.00307700000	4620499.99997000000	43	564	6403.12	1.51385	0	0.968509	66.9019	16.6241	1
29TNG3947	539500.00307900000	4647499.99992000000	42	597	10198	1.10504	0	0.619101	58.8407	6.36664	0
29TNG4045	540500.00307800000	4645499.99992000000	33	618	9000	0.807932	0	0	0	34.3652	0
29TNG4046	540500.00307800000	4646499.99992000000	30	622	9055.38	0.775485	0	0.658956	24.6439	18.2624	0
29TNG4109	541500.00307199900	4609499.99997999000	52	500	5656.85	0.676859	0	0.198515	72.1611	7.21344	0
29TNG4113	541500.00307300000	4613499.99997999000	46	534	8944.27	1.03346	0	0.785696	33.2697	41.6275	0
29TNG4142	541500.00307600000	4642499.99992999000	28	624	8544	1.32363	0	0	25.6732	4.0432	0
29TNG4143	541500.00307600000	4643499.99992999000	34	608	8246.21	1.46529	0	0.68593	1.61948	35.3782	0
29TNG4144	541500.00307600000	4644499.99992999000	28	624	8062.26	1.39903	0	0.680292	11.7627	22.3827	0
29TNG4347	543500.00307300000	4647499.99992000000	49	553	6324.56	0.888512	0	1.01446	9.32571	32.2179	0
29TNG4348	543500.00307300000	4648499.99992000000	50	536	6708.2	1.29252	0	1.00475	18.1847	34.4689	0
29TNG4401	544500.00306699900	4601500.00000000000	53	475	4123.11	0.592953	0.0413	0.404963	15.0133	59.1353	0
29TNG4407	544500.00306699900	4607499.99999000000	54	475	2236.07	0	4.4057	0.253639	17.4853	46.1011	0
29TNG4614	546500.00306500000	4614499.99997999000	52	484	9055.38	0.970937	1.66981	0.62603	28.1979	36.6831	1
29TNG4757	547500.00306799900	4657499.99990999000	60	466	12165.5	0.198515	0	0.43967	40.9197	47.7085	1
29TNG4932	549500.00306200000	4632499.99995000000	51	487	1414.21	1.2603	0	0.692947	23.9175	34.8548	1
29TNG4940	549500.00306300000	4640499.99992999000	33	577	5000	1.64849	0	0.253639	0.317729	4.05456	0
29TNG5012	550500.00305800000	4612499.99997999000	53	463	8602.33	0.676859	0	0	48.0905	16.804	1
29TNG5350	553500.00305699900	4650499.99992000000	39	534	6403.12	0.751701	0	0.500402	14.3435	63.6369	0
29TNG5415	554500.00305199900	4615499.99997999000	41	506	13000	1.30964	0	0.278769	40.5578	5.05688	0
29TNG5601	556500.00304700000	4601500.00000000000	36	524	11704.7	0.81639	0	0.610864	26.7475	52.2829	1
29TNG5660	556500.00305299900	4660499.99990000000	53	443	16552.9	0.584944	0	0.641035	18.4737	53.4666	1
29TNG5700	557500.00304600000	4600500.00000000000	36	522	13000	0.820722	0	0.673012	37.3366	22.5173	0
29TNG5750	557500.00305099900	4650499.99992000000	10	630	9433.98	1.33648	0	0.404963	0	6.50905	0
29TNG5847	558500.00304900000	4647499.99992000000	13	622	9219.54	1.39732	0	0.562335	0	3.70906	0
29TNG5850	558500.00304900000	4650499.99992000000	11	626	10295.6	0.919025	0	0.0560015	1.84955	20.7643	0
29TNG5917	559500.00304400000	4617499.99997000000	31	547	8246.21	1.19339	0	0	0	9.91811	0
29TNG5949	559500.00304700000	4649499.99992000000	11	624	10770.3	1.27319	0	0	0	29.8175	0
29TNG6020	560500.00304300000	4620499.99997000000	42	472	7211.1	1.46654	0	0	7.47829	33.9099	0
29TNG6047	560500.00304600000	4647499.99992000000	6	637	11180.3	1.16112	0	0.325083	3.2179	0	0
29TNG6050	560500.00304600000	4650499.99992000000	6	636	12083	0.796118	0	0	13.5265	4.40184	0
29TNG6129	561500.00304200000	4629499.99995000000	33	525	4123.11	1.8799	0	0	3.38199	2.13405	0
29TNG6149	561500.00304400000	4649499.99992000000	11	618	12649.1	0.896921	0	0.610864	8.49894	23.9468	0
29TNG6152	561500.00304500000	4652499.99992000000	10	619	13892.4	1.19094	0	0.943749	8.16248	19.0753	0
29TNG6159	561500.00304500000	4659499.99990000000	35	500	18439.1	1.28365	0	0.455886	41.5062	18.6269	1
29TNG6350	563500.00304099900	4650499.99992000000	9	620	14866.1	1.35138	0	0.302538	0	0	0
29TNG6355	563500.00304200000	4655499.99990999000	20	579	17204.7	1.32376	0	0.526908	0	8.31124	0
29TNG6455	564500.00303999900	4655499.99990999000	16	591	18027.8	0.898212	0	0	0	0	0
29TNG6535	565500.00303599900	4635499.99993999000	38	473	7615.77	1.78818	0	0.692347	4.05909	23.3113	1
29TNG6631	566500.00303400000	4631499.99995000000	6	631	5830.95	1.28277	0	0.455886	3.04316	0	0
29TNG6654	566500.00303699900	4654499.99990999000	16	583	19235.4	1.3605	0	0.562335	22.0245	0	0
29TNG6715	567500.00303100000	4615499.99997999000	45	440	0	1.66457	0	1.08572	18.3471	21.7958	1
29TNG7055	570500.00303000000	4655499.99990999000	7	604	23259.4	1.44602	0	0	0	13.7766	0
29TNG7254	572500.00302700000	4654499.99990999000	1	617	24698.2	0.760698	0	0	7.1313	9.67083	0
29TNG7421	574500.00301999900	4621499.99997000000	4	623	6708.2	2.09842	0	0	0	0	0
29TNG7424	574500.00302099900	4624499.99995999000	1	631	4242.64	1.56106	0	0	0	0	0
29TNG7628	576500.00301800000	4628499.99995999000	-3	642	5099.02	2.20961	0	0	0	0	0
