CODIGO	X	Y	BIO6	BIO16	disturb	SWIslope	prego	psemnat	ppovfor	dredhi	rusacu
29TNF1899	518500.0031	4599500	63	499	44.9081	0	0	5.22829	5.22829	0.703351	0
29TNF1992	519500.0031	4592500	62	492	25.5858	0	0	11.6195	8.53228	0.945778	0
29TNF1993	519500.0031	4593500	62	494	242.39	0	0	8.30791	7.35009	0.142028	0
29TNF2092	520500.0031	4592500	62	492	269.583	0	0	5.78299	2.06203	0.0125573	0
29TNF2093	520500.0031	4593500	62	495	62.8497	0	0	2.18737	2.18737	0	0
29TNF2194	521500.0031	4594500	62	496	87.5124	0	0	0	0	0.407384	0
29TNF2197	521500.0031	4597500	60	505	228.037	0	0	62.4672	53.9873	0.972133	1
29TNF2198	521500.0031	4598500	60	508	38.6237	0.0980391	7.29411	13.9541	12.4256	0.853542	0
29TNF2294	522500.0031	4594500	62	491	224.535	0	0	14.9722	14.8268	1.38998	0
29TNF2393	523500.0031	4593500	61	493	110.23	0	0	16.6541	16.6541	0.438109	0
29TNF2394	523500.0031	4594500	62	490	168.846	0.226968	18.7975	30.6402	21.1314	0.768324	1
29TNF2591	525500.0031	4591500	61	490	113.281	0.455886	48.0491	22.3543	22.3543	1.59506	1
29TNF2689	526500.0031	4589500	56	503	244.808	0.626869	0	53.3041	43.3899	1.81692	0
29TNF2791	527500.0031	4591500	56	505	235.766	0	0	60.4746	56.9599	1.4289	0
29TNF2792	527500.0031	4592500	57	499	114.681	0.0560015	0	18.8498	18.7379	1.49062	0
29TNF2795	527500.0031	4595500	59	497	188.726	0	0	33.8992	32.954	0.706706	0
29TNF2987	529500.0031	4587500	56	497	334.314	0.167944	0	34.1962	33.3785	1.35956	0
29TNF3194	531500.0031	4594500	56	495	59.0741	0	6.39834	11.6446	10.3012	2.26019	0
29TNF3587	535500.0031	4587500	52	501	195.172	0.619101	64.9162	44.4798	44.4025	0.811254	1
29TNF3694	536500.0031	4594500	55	489	67.3976	0.486223	7.68826	9.22708	9.22708	1.6179	0
29TNF3799	537500.0031	4599500	58	475	271.321	0.0560015	0	12.2841	12.2841	8.4723	0
29TNF4398	543500.0031	4598500	49	497	56.2524	0.842095	17.9988	20.8538	13.6355	1.41902	0
29TNF4596	545500.0031	4596500	48	497	32.9338	0.253639	0.153652	4.05068	0.835569	2.36502	0
29TNG1705	517500.0031	4605500	63	507	346.449	0	0	10.3234	8.13075	1.31048	1
29TNG1722	517500.0031	4622500	60	546	93.9142	0.967133	51.2606	50.5332	50.5332	1.80131	1
29TNG1737	517500.0031	4637500	69	509	56.8727	0.953579	21.4344	12.8578	10.6696	4.1512	1
29TNG1815	518500.0031	4615500	66	505	406.538	0	0	38.0515	1.20704	20.8054	0
29TNG2206	522500.0031	4606500	62	509	132.09	0	0.348815	26.7897	23.5092	1.45661	1
29TNG2315	523500.0031	4615500	62	512	156.943	0.167944	24.7497	72.2275	71.7868	1.94077	0
29TNG2517	525500.0031	4617500	63	501	82.7082	0	0	18.9125	18.9125	0.648998	0
29TNG2536	525500.0031	4636500	62	537	133.374	0.658956	0	13.4564	12.5176	3.16394	1
29TNG2537	525500.0031	4637500	61	547	129.39	0.404963	3.31417	23.8299	19.7821	2.15108	1
29TNG2628	526500.0031	4628500	45	601	393.453	1.53956	0.168093	95.5386	0.329911	1.89644	1
29TNG2637	526500.0031	4637500	58	554	362.874	1.06908	94.5503	91.3878	79.4641	3.73057	1
29TNG2731	527500.0031	4631500	46	603	498.512	1.05773	70.0532	94.5069	62.9804	1.95685	0
29TNG2831	528500.0031	4631500	58	541	244.694	1.01189	17.5564	68.0483	26.0484	2.71896	0
29TNG2924	529500.0031	4624500	64	498	177.342	0.302538	0	26.9834	23.3623	1.33596	0
29TNG2927	529500.0031	4627500	64	498	155.982	0.654708	42.6221	51.6835	50.8174	3.93846	1
29TNG2928	529500.0031	4628500	62	511	227.19	0.707786	0	67.0087	51.2881	3.02298	1
29TNG2929	529500.0031	4629500	62	509	330.94	0.704929	0	97.9163	40.3216	3.65857	1
29TNG2931	529500.0031	4631500	58	535	174.02	0.976667	6.27393	59.047	13.1443	2.77233	0
29TNG2933	529500.0031	4633500	50	580	1014.95	0.516882	100	100	43.6397	2.41519	0
29TNG2938	529500.0031	4638500	58	549	272.324	0.914824	18.9244	49.1187	35.0832	2.16632	1
29TNG3026	530500.0031	4626500	62	505	74.9523	0.366925	4.15166	32.9733	31.8563	1.0117	0
29TNG3028	530500.0031	4628500	57	532	162.474	1.53943	15.8101	64.5732	52.8793	3.07038	1
29TNG3036	530500.0031	4636500	55	559	162.52	0.709627	0	61.8683	40.3897	1.45596	1
29TNG3342	533500.0031	4642500	52	579	86.8068	0.600081	17.2116	21.9781	12.9998	1.59883	1
29TNG3416	534500.0031	4616500	47	556	212.998	1.47698	99.9769	63.9015	29.4085	1.51448	1
29TNG3641	536500.0031	4641500	47	586	106.171	1.14413	42.928	4.82379	1.96369	2.51296	1
29TNG3732	537500.0031	4632500	37	607	328.32	1.43879	22.9611	22.5839	2.12255	1.92709	1
29TNG3742	537500.0031	4642500	43	595	147.63	1.23155	66.0549	53.6085	42.4878	1.31601	1
29TNG3841	538500.0031	4641500	43	591	52.0974	0.942979	1.35492	9.71528	9.48675	1.0876	1
29TNG3943	539500.0031	4643500	37	609	120.313	1.12033	45.57	42.5658	21.0049	1.36657	1
29TNG4029	540500.0031	4629500	46	557	184.145	1.35064	89.8846	49.599	21.2314	1.45696	1
29TNG4120	541500.0031	4620500	45	548	376.084	1.68495	70.6189	36.4382	15.496	1.3117	1
29TNG4400	544500.0031	4600500	51	486	285.688	0.920883	13.0653	56.12	50.4472	1.7789	1
29TNG4935	549500.0031	4635500	51	498	120.716	0.680292	8.09536	27.5034	17.4629	3.36889	0
29TNG5042	550500.0031	4642500	35	568	774.16	1.58066	100	90.935	9.0228	1.4956	1
29TNG5137	551500.0031	4637500	45	519	451.482	1.5026	38.9584	81.2248	18.9801	2.1528	0
29TNG5142	551500.0031	4642500	33	575	409.755	1.35786	100	43.06	0	1.76112	1
29TNG5247	552500.0031	4647500	41	536	434.142	1.70591	100	54.85	12.8588	3.81037	1
29TNG5347	553500.0031	4647500	33	566	519.67	1.6282	100	63.2028	6.47701	1.51873	1
29TNG5542	555500.0031	4642500	14	628	2345.87	1.47989	100	100	2.03168	1.49471	0
29TNG5543	555500.0031	4643500	15	625	2834.14	1.91528	100	91.4241	0	2.24274	0
29TNG5544	555500.0031	4644500	10	640	3005.22	1.72765	100	100	0	1.4128	0
29TNG5630	556500.0031	4630500	53	454	250.273	0.500402	100	43.6355	35.6684	28.145	1
29TNG5643	556500.0031	4643500	12	630	3584.96	1.93438	100	70.1489	0	1.9088	0
29TNG5729	557500.003	4629500	45	480	386.316	1.25842	100	67.8387	28.2111	1.92577	1
29TNG5730	557500.003	4630500	49	462	192.735	1.10974	100	47.1248	16.6767	11.9992	1
29TNG5743	557500.0031	4643500	2	657	3005.56	1.78133	56.8523	78.8315	0	1.53879	1
29TNG5830	558500.003	4630500	47	472	345.306	1.41074	100	84.2698	11.4589	1.24222	1
29TNG5930	559500.003	4630500	45	475	217.185	1.51604	100	40.4777	14.4288	1.10166	1
29TNG5932	559500.003	4632500	46	470	408.492	1.31499	96.9209	84.766	24.9137	5.05339	1
29TNG6020	560500.003	4620500	42	479	174.188	1.46654	100	9.64543	7.47829	2.52723	1
29TNG6030	560500.003	4630500	44	476	647.726	1.7204	100	67.0179	1.02566	2.00724	1
29TNG6034	560500.003	4634500	49	452	204.764	1.60346	82.4532	25.0638	6.02207	5.27371	1
29TNG6035	560500.003	4635500	40	490	306.188	1.49363	99.6855	41.2768	13.4839	2.00162	1
29TNG6124	561500.003	4624500	20	593	475.706	1.16134	99.7196	70.9397	0	2.82013	0
29TNG6125	561500.003	4625500	21	587	584.751	1.36177	84.9053	82.4009	0	1.27907	1
29TNG6133	561500.003	4633500	40	489	243.343	1.22404	60.4798	59.7687	3.99239	1.56922	1
29TNG6134	561500.003	4634500	45	467	546.603	1.86609	93.986	64.4678	19.6281	4.36693	1
29TNG6146	561500.003	4646500	19	593	421.324	1.59285	47.7761	57.8428	15.7672	1.79256	0
29TNG6147	561500.003	4647500	16	605	321.03	1.32489	19.9974	69.3347	13.4847	1.26328	0
29TNG6148	561500.003	4648500	10	622	1091.07	1.29506	5.90799	87.9357	6.6033	1.72556	0
29TNG6149	561500.003	4649500	11	620	715.177	0.896921	69.8103	75.3886	8.49894	1.11433	0
29TNG6249	562500.003	4649500	13	611	851.189	1.49165	10.7237	89.3444	0	2.11962	0
29TNG6255	562500.003	4655500	24	567	372.991	1.41726	94.6037	66.6135	1.11889	2.54731	1
29TNG6256	562500.003	4656500	22	578	220.361	0.986264	20.5131	31.1571	0.0110753	1.66089	0
29TNG6330	563500.003	4630500	25	562	1566.17	1.32863	100	84.5766	1.59949	2.04109	1
29TNG6344	563500.003	4644500	28	542	553.321	1.80159	0	91.1398	11.8832	2.1349	1
29TNG6351	563500.003	4651500	10	616	1776.43	1.8344	59.9812	97.7667	0	1.46644	0
29TNG6438	564500.003	4638500	31	526	693.498	1.45412	100	72.7949	2.05244	3.60487	1
29TNG6447	564500.003	4647500	20	580	187.969	2.08682	0	76.8877	5.12754	2.06813	1
29TNG6516	565500.003	4616500	32	518	560.365	1.87699	92.3086	93.582	34.5245	0.823619	1
29TNG6517	565500.003	4617500	36	495	826.771	1.7425	84.2967	57.2153	30.3747	2.59629	1
29TNG6518	565500.003	4618500	32	515	805.554	1.83075	100	56.7563	5.58405	2.9656	1
29TNG6519	565500.003	4619500	32	518	1040.43	1.82368	98.9957	67.9959	12.7533	2.28508	1
29TNG6520	565500.003	4620500	29	532	254.39	1.46794	86.8581	60.9301	13.9093	2.56623	1
29TNG6550	565500.003	4650500	13	605	2466.84	1.73156	0	68.1672	0	1.12985	0
29TNG6615	566500.003	4615500	36	493	184.673	1.70366	51.121	58.0226	48.7507	3.47158	1
29TNG6616	566500.003	4616500	40	471	365.601	1.56246	37.3023	42.4689	18.5139	4.42356	1
29TNG6617	566500.003	4617500	38	481	1181.08	1.6138	89.3015	80.2366	17.9423	2.79445	1
29TNG6624	566500.003	4624500	29	533	885.707	1.52569	42.1319	22.0671	0.232363	56.1054	1
29TNG6630	566500.003	4630500	5	635	4326.21	1.21151	23.4933	92.6601	0	1.35972	0
29TNG6631	566500.003	4631500	6	631	3481.87	1.28277	16.5512	88.0653	3.04316	1.12451	0
29TNG6632	566500.003	4632500	11	613	2544.76	1.42457	91.9299	88.9879	0	0.947053	0
29TNG6655	566500.003	4655500	16	586	184.098	0.736094	90.5638	54.3164	0	1.98137	0
29TNG6729	567500.003	4629500	6	630	5409.35	1.82318	0	86.7081	0	1.15826	0
29TNG6747	567500.003	4647500	16	588	561.768	1.54898	0	88.8564	0.998656	2.14696	0
29TNG6756	567500.003	4656500	11	601	719.24	1.70359	8.90955	92.5735	0	1.72652	0
29TNG6829	568500.003	4629500	11	609	5701.07	1.88361	0	96.6979	0	1.31804	0
29TNG6830	568500.003	4630500	16	590	4978.52	1.97118	0	92.5452	18.6521	1.33779	0
29TNG6832	568500.003	4632500	22	558	3213.35	1.80204	22.8174	85.9297	13.1348	2.12668	1
29TNG6833	568500.003	4633500	24	542	2467.72	2.03886	21.748	82.4335	8.12414	1.83576	1
29TNG6848	568500.003	4648500	17	579	533.953	1.31737	0	92.9682	0	1.05677	0
29TNG6855	568500.003	4655500	11	600	520.731	1.61628	28.545	87.9029	0	2.84275	0
29TNG6856	568500.003	4656500	9	604	321.518	1.47871	91.1206	67.9449	0	2.26568	0
29TNG6925	569500.003	4625500	18	573	2901.04	1.92842	0	80.7495	2.49471	4.58792	1
29TNG6926	569500.003	4626500	26	536	3626.28	1.72289	0	10.3818	0	48.6085	1
29TNG6949	569500.003	4649500	19	563	250.37	1.44611	7.52695	48.2166	0	1.83942	0
29TNG6951	569500.003	4651500	18	566	438.222	1.39582	21.371	53.4353	0	2.04143	0
29TNG6953	569500.003	4653500	12	594	203.291	1.44994	38.0267	78.3965	0	1.85731	0
29TNG6954	569500.003	4654500	13	590	344.315	0.962911	35.9345	85.8792	0	2.31521	0
29TNG6955	569500.003	4655500	13	592	151.662	1.02631	93.5369	43.7248	0	2.18188	0
29TNG6957	569500.003	4657500	5	618	1172.58	0.654553	100	100	0	0.965882	0
29TNG7019	570500.003	4619500	23	550	578.275	1.47944	97.5961	97.0183	93.288	2.06393	1
29TNG7022	570500.003	4622500	19	571	1347.13	1.87922	43.1548	65.1067	37.9746	2.36906	1
29TNG7023	570500.003	4623500	11	609	2307.66	1.94067	16.3539	73.1246	29.4661	2.20489	0
29TNG7027	570500.003	4627500	26	531	5029.25	1.91321	0	30.1978	5.13573	11.4687	1
29TNG7052	570500.003	4652500	12	590	313.518	1.74853	16.9918	76.348	0	1.62316	0
29TNG7120	571500.003	4620500	14	593	1358.69	1.60754	7.12817	85.1828	14.5897	2.62484	0
29TNG7123	571500.003	4623500	8	616	2665.11	1.40878	0	66.2654	0	1.63606	0
29TNG7124	571500.003	4624500	13	596	3552.86	1.5364	0	45.2889	5.14417	0.94885	0
29TNG7125	571500.003	4625500	17	577	4439.18	1.84428	0	49.0943	12.8896	1.6089	0
29TNG7127	571500.003	4627500	23	546	5718.04	1.80958	0	29.8808	13.2605	3.19116	1
29TNG7153	571500.003	4653500	9	599	177.313	1.25555	100	29.8932	0	2.22533	0
29TNG7154	571500.003	4654500	6	608	300.27	1.14578	100	68.4015	0.792549	1.62283	0
29TNG7156	571500.003	4656500	6	606	264.701	1.07674	100	60.6934	0	2.39568	0
29TNG7224	572500.003	4624500	9	607	4047.74	1.80773	0	78.7015	0	2.37752	0
29TNG7227	572500.003	4627500	13	594	6481.47	1.786	0	29.2947	0	2.34391	1
29TNG7228	572500.003	4628500	19	565	7129.94	1.82315	0	46.4307	1.16435	3.14396	1
29TNG7253	572500.003	4653500	4	614	178.965	0.82372	100	35.724	3.22709	1.35408	0
29TNG7323	573500.003	4623500	-2	649	4059.84	1.64588	0	100	0	2.10322	0
29TNG7324	573500.003	4624500	-3	650	4704.59	1.7985	0	82.5595	0	2.62657	0
29TNG7327	573500.003	4627500	6	617	7115.72	1.64593	0	92.1846	0	3.00125	0
29TNG7328	573500.003	4628500	14	585	7875.83	2.11719	0	75.4619	0	3.12632	0
29TNG7353	573500.003	4653500	1	619	410.976	0.798357	100	64.628	7.5428	1.8508	0
29TNG7428	574500.003	4628500	12	589	8484.07	2.02155	0	85.55	0	3.39204	0
29TNG7527	575500.003	4627500	7	605	8259.79	2.32441	0	93.2664	0	1.81043	0
29TNG7528	575500.003	4628500	4	618	9041.8	2.19426	0	88.4338	0	2.62434	0
29TNG7628	576500.003	4628500	-3	642	9669.76	2.20961	0	91.1153	0	2.72225	0
29TNG7728	577500.003	4628500	-6	648	10356.4	1.85835	0	99.3989	0	1.9545	0
